
job name:job0
MAP_INPUT_RECORDS: 10169483.000000
MAP_OUTPUT_RECORDS: 508474150.000000
MAP_INPUT_SIZE: 3000000000.000000
MAP_OUTPUT_SIZE: 6101689800.000000
SPILLED_RECORDS: 3513134472.000000
JOB_START_TIME: 32.871358
JOB_STOP_TIME: 144.777310
JOB_TOTAL_TIME: 111.905953
