
job name:job0
MAP_INPUT_RECORDS: 101694837.000000
MAP_OUTPUT_RECORDS: 5084741850.000000
MAP_INPUT_SIZE: 30000000000.000000
MAP_OUTPUT_SIZE: 61016902200.000000
SPILLED_RECORDS: 45698679161.000000
JOB_START_TIME: 394.155487
JOB_STOP_TIME: 4601.547126
JOB_TOTAL_TIME: 4207.391639
