
job name:job0
MAP_INPUT_RECORDS: 10169483.000000
MAP_OUTPUT_RECORDS: 508474150.000000
MAP_INPUT_SIZE: 3000000000.000000
MAP_OUTPUT_SIZE: 6101689800.000000
SPILLED_RECORDS: 3387576647.000000
JOB_START_TIME: 34.525767
JOB_STOP_TIME: 182.483155
JOB_TOTAL_TIME: 147.957388
