
job name:job0
MAP_INPUT_RECORDS: 1081594.000000
MAP_OUTPUT_RECORDS: 54079700.000000
MAP_INPUT_SIZE: 319084750.000000
MAP_OUTPUT_SIZE: 648956400.000000
SPILLED_RECORDS: 156907600.000000
JOB_START_TIME: 7.708365
JOB_STOP_TIME: 37.747302
JOB_TOTAL_TIME: 30.038937
