
job name:job0
MAP_INPUT_RECORDS: 10737408.000000
MAP_OUTPUT_RECORDS: 354334464.000000
MAP_INPUT_SIZE: 1073741824.000000
MAP_OUTPUT_SIZE: 2126006784.000000
SPILLED_RECORDS: 1365003975.000000
JOB_START_TIME: 42.336362
JOB_STOP_TIME: 207.709786
JOB_TOTAL_TIME: 165.373425
