
job name:job0
MAP_INPUT_RECORDS: 1016946137.000000
MAP_OUTPUT_RECORDS: 50847306850.000000
MAP_INPUT_SIZE: 300000000000.000000
MAP_OUTPUT_SIZE: 610167682200.000000
SPILLED_RECORDS: 431708345852.000000
JOB_START_TIME: 3537.920193
JOB_STOP_TIME: 32491.905273
JOB_TOTAL_TIME: 28953.985080
