
job name:job0
MAP_INPUT_RECORDS: 1016948.000000
MAP_OUTPUT_RECORDS: 50847400.000000
MAP_INPUT_SIZE: 300000000.000000
MAP_OUTPUT_SIZE: 610168800.000000
SPILLED_RECORDS: 247539692.000000
JOB_START_TIME: 4.705535
JOB_STOP_TIME: 40.227330
JOB_TOTAL_TIME: 35.521795
