
job name:job1
MAP_INPUT_RECORDS: 1016946137.000000
MAP_OUTPUT_RECORDS: 50847306850.000000
MAP_INPUT_SIZE: 300000000000.000000
MAP_OUTPUT_SIZE: 610167682200.000000
SPILLED_RECORDS: 407998111464.000000
JOB_START_TIME: 10613.665869
JOB_STOP_TIME: 28228.938786
JOB_TOTAL_TIME: 17615.272917
