
job name:wc100
MAP_INPUT_RECORDS: 10485760.000000
MAP_OUTPUT_RECORDS: 104857599.769231
MAP_INPUT_SIZE: 1048576000.000000
MAP_OUTPUT_SIZE: 2726297594.000000
COMBINE_INPUT_RECORDS: 0.000000
COMBINE_OUTPUT_RECORDS: 0.000000
SPILLED_RECORDS: 697178668.000000
JOB_START_TIME: 198.148757
JOB_STOP_TIME: 3678.405201
JOB_TOTAL_TIME: 3480.256444
avMappersTime: 94.189441
avReducersTime: 1929.143690
Data_local_map_tasks: 16.000000
map_spilled_recordes: 303482034.000000
