
job name:wc100
MAP_INPUT_RECORDS: 4194304.000000
MAP_OUTPUT_RECORDS: 41943039.884615
MAP_INPUT_SIZE: 419430400.000000
MAP_OUTPUT_SIZE: 1090519037.000000
COMBINE_INPUT_RECORDS: 0.000000
COMBINE_OUTPUT_RECORDS: 0.000000
SPILLED_RECORDS: 243895501.000000
JOB_START_TIME: 79.303284
JOB_STOP_TIME: 1305.528750
JOB_TOTAL_TIME: 1226.225465
avMappersTime: 85.274026
avReducersTime: 606.403843
Data_local_map_tasks: 7.000000
map_spilled_recordes: 120182918.000000
