
job name:wc100
MAP_INPUT_RECORDS: 4194304.000000
MAP_OUTPUT_RECORDS: 41943039.884615
MAP_INPUT_SIZE: 419430400.000000
MAP_OUTPUT_SIZE: 1090519037.000000
COMBINE_INPUT_RECORDS: 0.000000
COMBINE_OUTPUT_RECORDS: 0.000000
SPILLED_RECORDS: 201952470.000000
JOB_START_TIME: 79.303284
JOB_STOP_TIME: 1107.502990
JOB_TOTAL_TIME: 1028.199706
avMappersTime: 56.929803
avReducersTime: 606.403844
Data_local_map_tasks: 7.000000
map_spilled_recordes: 78239887.000000
