
job name:wc100
MAP_INPUT_RECORDS: 104857.000000
MAP_OUTPUT_RECORDS: 1048570.000000
MAP_INPUT_SIZE: 10485700.000000
MAP_OUTPUT_SIZE: 27262820.000000
COMBINE_INPUT_RECORDS: 0.000000
COMBINE_OUTPUT_RECORDS: 0.000000
SPILLED_RECORDS: 3145707.000000
JOB_START_TIME: 2.046651
JOB_STOP_TIME: 26.684476
JOB_TOTAL_TIME: 24.637825
avMappersTime: 10.557773
avReducersTime: 5.647777
Data_local_map_tasks: 1.000000
map_spilled_recordes: 2097138.000000
